
                abinit_check.sh 2 #(ANGSTROMS):

    =============================
making symmetries
    =============================
    info from /hexCarbon-angs.out
    =============================
 space group P6/m m m (#191); Bravais hP (primitive hexag.)
nsym=24 in 12 lines
           symrel      1  0  0   0  1  0   0  0  1      -1  0  0   0 -1  0   0  0 -1
                       0  1  0   1  0  0   0  0  1       0 -1  0  -1  0  0   0  0 -1
                       1  1  0  -1  0  0   0  0  1      -1 -1  0   1  0  0   0  0 -1
                      -1  0  0   1  1  0   0  0  1       1  0  0  -1 -1  0   0  0 -1
                       0  1  0  -1 -1  0   0  0  1       0 -1  0   1  1  0   0  0 -1
                      -1 -1  0   0  1  0   0  0  1       1  1  0   0 -1  0   0  0 -1
                      -1  0  0   0 -1  0   0  0  1       1  0  0   0  1  0   0  0 -1
                       0 -1  0  -1  0  0   0  0  1       0  1  0   1  0  0   0  0 -1
                      -1 -1  0   1  0  0   0  0  1       1  1  0  -1  0  0   0  0 -1
                       1  0  0  -1 -1  0   0  0  1      -1  0  0   1  1  0   0  0 -1
                       0 -1  0   1  1  0   0  0  1       0  1  0  -1 -1  0   0  0 -1
                       1  1  0   0 -1  0   0  0  1      -1 -1  0   0  1  0   0  0 -1
nsym=24 equal to 24 lines in symmetries/sym.d
    =============================
 SLAB IS CENTROSYMMETRIC: for an odd rank tensor surface response
                 run: odd_rank.sh
    =============================
a0=10.26121212 Bohrs a1=acell 2.460673980 a2=bohrs: 2.460673980 a3= 16.000000000
primitive vectors
0.86602540378 0.5 0.0
-0.86602540378 0.5 0.0
0.0 0.0 1.0
a1=acell 2.460673980 a2=bohrs: 2.460673980 a3= 16.000000000
    =============================
 number of plane waves = 312
    =============================
================================================================================
P This job should need less than                       2.920 Mbytes of memory.
  Rough estimation (10% accuracy) of disk space for files :
_ WF disk file :      0.288 Mbytes ; DEN or POT disk file :      0.051 Mbytes.
================================================================================

                From the hexCarbon-ang.out file:


   kpt      0.00000000E+00  0.00000000E+00  2.50000000E-01
            1.25000000E-01  0.00000000E+00  2.50000000E-01
            2.50000000E-01  0.00000000E+00  2.50000000E-01
            3.75000000E-01  0.00000000E+00  2.50000000E-01
            5.00000000E-01  0.00000000E+00  2.50000000E-01
            1.25000000E-01  1.25000000E-01  2.50000000E-01
            2.50000000E-01  1.25000000E-01  2.50000000E-01
            3.75000000E-01  1.25000000E-01  2.50000000E-01
            2.50000000E-01  2.50000000E-01  2.50000000E-01
            3.75000000E-01  2.50000000E-01  2.50000000E-01

   wtk        0.01563    0.09375    0.09375    0.09375    0.04688    0.09375
              0.18750    0.18750    0.09375    0.09375
xangst      2.5578000000E-05  0.0000000000E+00  1.0000000000E-01
 xcart      4.8335415027E-05  0.0000000000E+00  1.8897261329E-01
  xred      6.0013903936E-06 -6.0013903936E-06  6.2500000000E-03
 znucl        6.00000





################################################################################

abinit_check.sh 2 #(BOHRS);

    =============================
making symmetries
    =============================
    info from /hexCarbon-cart.out
    =============================
 space group P6/m m m (#191); Bravais hP (primitive hexag.)
nsym=24 in 12 lines
           symrel      1  0  0   0  1  0   0  0  1      -1  0  0   0 -1  0   0  0 -1
                       0  1  0   1  0  0   0  0  1       0 -1  0  -1  0  0   0  0 -1
                       1  1  0  -1  0  0   0  0  1      -1 -1  0   1  0  0   0  0 -1
                      -1  0  0   1  1  0   0  0  1       1  0  0  -1 -1  0   0  0 -1
                       0  1  0  -1 -1  0   0  0  1       0 -1  0   1  1  0   0  0 -1
                      -1 -1  0   0  1  0   0  0  1       1  1  0   0 -1  0   0  0 -1
                      -1  0  0   0 -1  0   0  0  1       1  0  0   0  1  0   0  0 -1
                       0 -1  0  -1  0  0   0  0  1       0  1  0   1  0  0   0  0 -1
                      -1 -1  0   1  0  0   0  0  1       1  1  0  -1  0  0   0  0 -1
                       1  0  0  -1 -1  0   0  0  1      -1  0  0   1  1  0   0  0 -1
                       0 -1  0   1  1  0   0  0  1       0  1  0  -1 -1  0   0  0 -1
                       1  1  0   0 -1  0   0  0  1      -1 -1  0   0  1  0   0  0 -1
nsym=24 equal to 24 lines in symmetries/sym.d
    =============================
 SLAB IS CENTROSYMMETRIC: for an odd rank tensor surface response
                 run: odd_rank.sh
    =============================
a0=10.26121212 Bohrs a1=acell 4.65 a2=bohrs: 4.65 a3= 30
primitive vectors
0.86602540378 0.5 0.0
-0.86602540378 0.5 0.0
0.0 0.0 1.0
a1=acell 4.65 a2=bohrs: 4.65 a3= 30
    =============================
 number of plane waves = 312
    =============================
================================================================================
P This job should need less than                       2.918 Mbytes of memory.
  Rough estimation (10% accuracy) of disk space for files :
_ WF disk file :      0.288 Mbytes ; DEN or POT disk file :      0.051 Mbytes.
================================================================================

                From the hexCarbon-cart.out file:

   kpt      0.00000000E+00  0.00000000E+00  2.50000000E-01
            1.25000000E-01  0.00000000E+00  2.50000000E-01
            2.50000000E-01  0.00000000E+00  2.50000000E-01
            3.75000000E-01  0.00000000E+00  2.50000000E-01
            5.00000000E-01  0.00000000E+00  2.50000000E-01
            1.25000000E-01  1.25000000E-01  2.50000000E-01
            2.50000000E-01  1.25000000E-01  2.50000000E-01
            3.75000000E-01  1.25000000E-01  2.50000000E-01
            2.50000000E-01  2.50000000E-01  2.50000000E-01
            3.75000000E-01  2.50000000E-01  2.50000000E-01

xangst      4.8335000000E-05  0.0000000000E+00  0.0000000000E+00
 xcart      9.1339912633E-05  0.0000000000E+00  0.0000000000E+00
  xred      1.1340886698E-05 -1.1340886698E-05  0.0000000000E+00




